Before the projection: {z: H_{z, 1}} z <= b_{z, 1}
where, H_{z, 1} =  [[ 1.       0.       0.       0.     ]
 [ 0.       1.       0.       0.     ]
 [ 0.       0.       1.       0.     ]
 [-1.      -0.      -0.       0.     ]
 [-0.      -1.      -0.       0.     ]
 [-0.      -0.      -1.       0.     ]
 [ 0.       0.       0.       1.     ]
 [ 0.       0.       0.      -1.     ]
 [ 0.9835   2.782    0.       0.01293]
 [-0.00068  0.978    0.       0.001  ]
 [-0.00097  0.       2.804    0.00143]
 [-0.9835  -2.782    0.      -0.01293]
 [ 0.00068 -0.978    0.      -0.001  ]
 [ 0.00097  0.      -2.804   -0.00143]
 [ 0.00157  0.00784 -2.80394 -0.00141]
 [-0.00157 -0.00784  2.80394  0.00141]
 [ 0.04366  0.2458  -2.77841 -0.00072]
 [ 0.0007   0.48032 -2.4434  -0.00075]
 [ 0.0008   0.05619  2.80017  0.0015 ]
 [-0.04366 -0.2458   2.77841  0.00072]
 [-0.0007  -0.48032  2.4434   0.00075]
 [-0.0008  -0.05619 -2.80017 -0.0015 ]
 [ 0.00116 -0.02273 -2.80321 -0.00145]
 [-0.00116  0.02273  2.80321  0.00145]
 [ 0.02844  0.23011 -2.76877 -0.00089]
 [ 0.00055  0.3773  -2.58667 -0.00093]
 [ 0.01182  0.42778  2.56983  0.00188]
 [-0.02844 -0.23011  2.76877  0.00089]
 [-0.00055 -0.3773   2.58667  0.00093]
 [-0.01182 -0.42778 -2.56983 -0.00188]
 [-0.00036 -0.14644 -2.77411 -0.00157]
 [ 0.00036  0.14644  2.77411  0.00157]
 [ 0.02286  0.23786 -2.75774 -0.00093]
 [ 0.00024  0.35011 -2.61685 -0.00098]
 [ 0.01639  0.55852 -2.38599 -0.00048]
 [-0.02286 -0.23786  2.75774  0.00093]
 [-0.00024 -0.35011  2.61685  0.00098]
 [-0.01639 -0.55852  2.38599  0.00048]
 [-0.01152 -1.0112  -0.14904 -0.00124]
 [ 0.01152  1.0112   0.14904  0.00124]
 [ 0.01963  0.24798 -2.74732 -0.00095]
 [-0.00015  0.34212 -2.62434 -0.00099]
 [ 0.0102   0.35644 -2.63989 -0.00088]
 [-0.01963 -0.24798  2.74732  0.00095]
 [ 0.00015 -0.34212  2.62434  0.00099]
 [-0.0102  -0.35644  2.63989  0.00088]
 [-0.00613 -0.45804  2.50085  0.00075]
 [ 0.00613  0.45804 -2.50085 -0.00075]
 [ 0.01737  0.2571  -2.73805 -0.00096]
 [-0.0006   0.34052 -2.62471 -0.001  ]
 [ 0.00865  0.31775 -2.67301 -0.00095]
 [-0.01737 -0.2571   2.73805  0.00096]
 [ 0.0006  -0.34052  2.62471  0.001  ]
 [-0.00865 -0.31775  2.67301  0.00095]
 [-0.00479 -0.35713  2.6232   0.00093]
 [ 0.00479  0.35713 -2.6232  -0.00093]
 [ 0.01565  0.26476 -2.72998 -0.00096]
 [-0.00109  0.34135 -2.6223  -0.001  ]
 [ 0.0079   0.30748 -2.6803  -0.00097]
 [-0.01565 -0.26476  2.72998  0.00096]
 [ 0.00109 -0.34135  2.6223   0.001  ]
 [-0.0079  -0.30748  2.6803   0.00097]
 [-0.00423 -0.33143  2.64822  0.00097]
 [ 0.00423  0.33143 -2.64822 -0.00097]
 [ 0.01426  0.27112 -2.72299 -0.00097]
 [-0.00164  0.34322 -2.61856 -0.001  ]
 [ 0.00739  0.30523 -2.68101 -0.00098]
 [-0.01426 -0.27112  2.72299  0.00097]
 [ 0.00164 -0.34322  2.61856  0.001  ]
 [-0.00739 -0.30523  2.68101  0.00098]
 [-0.00386 -0.32384  2.65465  0.00099]
 [ 0.00386  0.32384 -2.65465 -0.00099]
 [ 0.01311  0.27644 -2.7169  -0.00097]
 [-0.00225  0.34567 -2.61397 -0.001  ]
 [ 0.00696  0.30556 -2.67967 -0.00099]
 [-0.01311 -0.27644  2.7169   0.00097]
 [ 0.00225 -0.34567  2.61397  0.001  ]
 [-0.00696 -0.30556  2.67967  0.00099]
 [-0.00353 -0.32201  2.65552  0.00099]
 [ 0.00353  0.32201 -2.65552 -0.00099]
 [ 0.01213  0.28097 -2.71154 -0.00097]
 [-0.00293  0.34854 -2.6086  -0.00101]
 [ 0.00658  0.30674 -2.67767 -0.00099]
 [-0.01213 -0.28097  2.71154  0.00097]
 [ 0.00293 -0.34854  2.6086   0.00101]
 [-0.00658 -0.30674  2.67767  0.00099]
 [-0.00322 -0.32221  2.65447  0.00099]
 [ 0.00322  0.32221 -2.65447 -0.00099]
 [ 0.01129  0.28487 -2.70677 -0.00098]
 [-0.0037   0.35183 -2.60238 -0.00101]
 [ 0.00622  0.30817 -2.67549 -0.00099]
 [-0.01129 -0.28487  2.70677  0.00098]
 [ 0.0037  -0.35183  2.60238  0.00101]
 [-0.00622 -0.30817  2.67549  0.00099]
 [-0.0029  -0.32316  2.65268  0.001  ]
 [ 0.0029   0.32316 -2.65268 -0.001  ]
 [ 0.01055  0.28828 -2.70249 -0.00098]
 [-0.00458  0.35561 -2.59511 -0.00101]
 [ 0.00587  0.30965 -2.67328 -0.00099]
 [-0.01055 -0.28828  2.70249  0.00098]
 [ 0.00458 -0.35561  2.59511  0.00101]
 [-0.00587 -0.30965  2.67328  0.00099]
 [-0.00259 -0.32441  2.65058  0.001  ]
 [ 0.00259  0.32441 -2.65058 -0.001  ]
 [ 0.00989  0.2913  -2.69862 -0.00098]
 [-0.0056   0.35999 -2.58648 -0.00101]
 [ 0.00554  0.31112 -2.67109 -0.00099]
 [-0.00989 -0.2913   2.69862  0.00098]
 [ 0.0056  -0.35999  2.58648  0.00101]
 [-0.00554 -0.31112  2.67109  0.00099]
 [-0.00226 -0.32579  2.64831  0.001  ]
 [ 0.00226  0.32579 -2.64831 -0.001  ]
 [ 0.0093   0.29401 -2.69507 -0.00098]
 [-0.00682  0.36516 -2.57602 -0.00101]
 [ 0.00522  0.31257 -2.66893 -0.00099]
 [-0.0093  -0.29401  2.69507  0.00098]
 [ 0.00682 -0.36516  2.57602  0.00101]
 [-0.00522 -0.31257  2.66893  0.00099]
 [-0.00193 -0.32724  2.64591  0.001  ]
 [ 0.00193  0.32724 -2.64591 -0.001  ]
 [ 0.00876  0.29647 -2.6918  -0.00098]
 [-0.00829  0.37138 -2.56304 -0.00101]
 [ 0.0049   0.31398 -2.66681 -0.00099]
 [-0.00876 -0.29647  2.6918   0.00098]
 [ 0.00829 -0.37138  2.56304  0.00101]
 [-0.0049  -0.31398  2.66681  0.00099]
 [-0.00158 -0.32876  2.6434   0.001  ]
 [ 0.00158  0.32876 -2.6434  -0.001  ]
 [ 0.00827  0.29871 -2.68875 -0.00098]
 [-0.01011  0.37903 -2.54641 -0.00102]
 [ 0.00459  0.31537 -2.6647  -0.00099]
 [-0.00827 -0.29871  2.68875  0.00098]
 [ 0.01011 -0.37903  2.54641  0.00102]
 [-0.00459 -0.31537  2.6647   0.00099]
 [-0.00122 -0.33035  2.64075  0.001  ]
 [ 0.00122  0.33035 -2.64075 -0.001  ]
 [ 0.00782  0.30079 -2.6859  -0.00098]
 [-0.01245  0.38875 -2.52428 -0.00102]
 [ 0.00428  0.31674 -2.6626  -0.00099]
 [-0.00782 -0.30079  2.6859   0.00098]
 [ 0.01245 -0.38875  2.52428  0.00102]
 [-0.00428 -0.31674  2.6626   0.00099]
 [-0.00085 -0.33201  2.63795  0.001  ]
 [ 0.00085  0.33201 -2.63795 -0.001  ]
 [ 0.00739  0.30272 -2.68321 -0.00099]
 [-0.01558  0.40155 -2.49328 -0.00102]
 [ 0.00398  0.3181  -2.6605  -0.00099]
 [-0.00739 -0.30272  2.68321  0.00099]
 [ 0.01558 -0.40155  2.49328  0.00102]
 [-0.00398 -0.3181   2.6605   0.00099]
 [-0.00045 -0.33377  2.63496  0.001  ]
 [ 0.00045  0.33377 -2.63496 -0.001  ]
 [ 0.00699  0.30453 -2.68065 -0.00099]
 [-0.01999  0.41923 -2.44681 -0.00103]
 [ 0.00368  0.31946 -2.65838 -0.00099]
 [-0.00699 -0.30453  2.68065  0.00099]
 [ 0.01999 -0.41923  2.44681  0.00103]
 [-0.00368 -0.31946  2.65838  0.00099]
 [-0.00002 -0.33564  2.63175  0.001  ]
 [ 0.00002  0.33564 -2.63175 -0.001  ]
 [ 0.00662  0.30624 -2.67821 -0.00099]
 [-0.02667  0.44525 -2.36994 -0.00103]
 [ 0.00337  0.32082 -2.65625 -0.00099]
 [-0.00662 -0.30624  2.67821  0.00099]
 [ 0.02667 -0.44525  2.36994  0.00103]
 [-0.00337 -0.32082  2.65625  0.00099]
 [ 0.00043 -0.33764  2.62828  0.001  ]
 [-0.00043  0.33764 -2.62828 -0.001  ]
 [ 0.00626  0.30787 -2.67586 -0.00099]
 [-0.03796  0.48684 -2.22221 -0.00102]
 [ 0.00306  0.32219 -2.65407 -0.001  ]
 [-0.00626 -0.30787  2.67586  0.00099]
 [ 0.03796 -0.48684  2.22221  0.00102]
 [-0.00306 -0.32219  2.65407  0.001  ]
 [ 0.00093 -0.33979  2.62449  0.001  ]
 [-0.00093  0.33979 -2.62449 -0.001  ]
 [ 0.00591  0.30943 -2.67358 -0.00099]
 [-0.06013  0.55927 -1.85884 -0.00099]
 [ 0.00275  0.32358 -2.65184 -0.001  ]
 [-0.00591 -0.30943  2.67358  0.00099]
 [ 0.06013 -0.55927  1.85884  0.00099]
 [-0.00275 -0.32358  2.65184  0.001  ]
 [ 0.00146 -0.34213  2.62031  0.001  ]
 [-0.00146  0.34213 -2.62031 -0.001  ]
 [ 0.00558  0.31093 -2.67137 -0.00099]
 [-0.10712  0.64872 -0.58689 -0.00073]
 [ 0.00243  0.325   -2.64956 -0.001  ]
 [-0.00558 -0.31093  2.67137  0.00099]
 [ 0.10712 -0.64872  0.58689  0.00073]
 [-0.00243 -0.325    2.64956  0.001  ]
 [ 0.00205 -0.3447   2.61565  0.001  ]
 [-0.00205  0.3447  -2.61565 -0.001  ]
 [ 0.00525  0.31239 -2.6692  -0.00099]
 [-0.11285  0.34349  2.04614  0.00025]
 [ 0.0021   0.32646 -2.64719 -0.001  ]
 [-0.00525 -0.31239  2.6692   0.00099]
 [ 0.11285 -0.34349 -2.04614 -0.00025]
 [-0.0021  -0.32646  2.64719  0.001  ]
 [ 0.00271 -0.34755  2.6104   0.00101]
 [-0.00271  0.34755 -2.6104  -0.00101]
 [ 0.00494  0.31381 -2.66706 -0.00099]
 [-0.06801  0.01532  2.73531  0.00072]
 [ 0.00176  0.32796 -2.64472 -0.001  ]
 [-0.00494 -0.31381  2.66706  0.00099]
 [ 0.06801 -0.01532 -2.73531 -0.00072]
 [-0.00176 -0.32796  2.64472  0.001  ]
 [ 0.00345 -0.35075  2.60441  0.00101]
 [-0.00345  0.35075 -2.60441 -0.00101]
 [ 0.00463  0.3152  -2.66495 -0.00099]
 [-0.04588 -0.11155  2.80073  0.00085]
 [ 0.00141  0.32952 -2.64214 -0.001  ]
 [-0.00463 -0.3152   2.66495  0.00099]
 [ 0.04588  0.11155 -2.80073 -0.00085]
 [-0.00141 -0.32952  2.64214  0.001  ]
 [ 0.00429 -0.35439  2.59747  0.00101]
 [-0.00429  0.35439 -2.59747 -0.00101]
 [ 0.00432  0.31658 -2.66285 -0.00099]
 [-0.03457 -0.17124  2.79386  0.0009 ]
 [ 0.00104  0.33114 -2.63942 -0.001  ]
 [-0.00432 -0.31658  2.66285  0.00099]
 [ 0.03457  0.17124 -2.79386 -0.0009 ]
 [-0.00104 -0.33114  2.63942  0.001  ]
 [ 0.00527 -0.35858  2.58928  0.00101]
 [-0.00527  0.35858 -2.58928 -0.00101]
 [ 0.00402  0.31794 -2.66075 -0.00099]
 [-0.02787 -0.2052   2.7785   0.00093]
 [ 0.00066  0.33285 -2.63653 -0.001  ]
 [-0.00402 -0.31794  2.66075  0.00099]
 [ 0.02787  0.2052  -2.7785  -0.00093]
 [-0.00066 -0.33285  2.63653  0.001  ]
 [ 0.00642 -0.36349  2.57944  0.00101]
 [-0.00642  0.36349 -2.57944 -0.00101]]
and b_{z, 1} =  [[ 11.5    ]
 [ 14.     ]
 [ 35.     ]
 [ 11.5    ]
 [ 14.     ]
 [ 35.     ]
 [ 27.     ]
 [ 24.     ]
 [ 11.5    ]
 [ 14.     ]
 [ 35.     ]
 [ 11.5    ]
 [ 14.     ]
 [ 35.     ]
 [  0.01537]
 [  0.01366]
 [  0.50165]
 [  6.94422]
 [116.28752]
 [  0.50165]
 [  6.94422]
 [116.28752]
 [  0.04721]
 [  0.04197]
 [  0.328  ]
 [  5.67843]
 [639.28521]
 [  0.328  ]
 [  5.67843]
 [639.28521]
 [  0.17773]
 [  0.15798]
 [  0.26726]
 [  5.55739]
 [748.41753]
 [  0.26726]
 [  5.55739]
 [748.41753]
 [  1.08339]
 [  0.96302]
 [  0.23387]
 [  5.76777]
 [455.81272]
 [  0.23387]
 [  5.76777]
 [455.81272]
 [  0.47807]
 [  0.42495]
 [  0.21167]
 [  6.1279 ]
 [396.97086]
 [  0.21167]
 [  6.1279 ]
 [396.97086]
 [  0.37543]
 [  0.33372]
 [  0.19555]
 [  6.58579]
 [379.40966]
 [  0.19555]
 [  6.58579]
 [379.40966]
 [  0.35567]
 [  0.31615]
 [  0.18333]
 [  7.13052]
 [374.43139]
 [  0.18333]
 [  7.13052]
 [374.43139]
 [  0.35708]
 [  0.3174 ]
 [  0.17387]
 [  7.76824]
 [374.45034]
 [  0.17387]
 [  7.76824]
 [374.45034]
 [  0.36634]
 [  0.32563]
 [  0.16648]
 [  8.51493]
 [377.03082]
 [  0.16648]
 [  8.51493]
 [377.03082]
 [  0.37943]
 [  0.33727]
 [  0.1607 ]
 [  9.39494]
 [381.33067]
 [  0.1607 ]
 [  9.39494]
 [381.33067]
 [  0.39504]
 [  0.35115]
 [  0.15621]
 [ 10.44241]
 [387.05551]
 [  0.15621]
 [ 10.44241]
 [387.05551]
 [  0.41283]
 [  0.36696]
 [  0.15279]
 [ 11.70493]
 [394.11384]
 [  0.15279]
 [ 11.70493]
 [394.11384]
 [  0.4328 ]
 [  0.38471]
 [  0.15029]
 [ 13.25012]
 [402.49758]
 [  0.15029]
 [ 13.25012]
 [402.49758]
 [  0.45512]
 [  0.40455]
 [  0.14856]
 [ 15.17686]
 [412.23999]
 [  0.14856]
 [ 15.17686]
 [412.23999]
 [  0.48006]
 [  0.42672]
 [  0.14753]
 [ 17.63549]
 [423.40092]
 [  0.14753]
 [ 17.63549]
 [423.40092]
 [  0.50798]
 [  0.45154]
 [  0.14713]
 [ 20.86565]
 [436.06234]
 [  0.14713]
 [ 20.86565]
 [436.06234]
 [  0.5393 ]
 [  0.47938]
 [  0.1473 ]
 [ 25.27297]
 [450.32779]
 [  0.1473 ]
 [ 25.27297]
 [450.32779]
 [  0.57453]
 [  0.5107 ]
 [  0.14802]
 [ 31.59912]
 [466.32371]
 [  0.14802]
 [ 31.59912]
 [466.32371]
 [  0.61432]
 [  0.54606]
 [  0.14926]
 [ 41.34543]
 [484.20204]
 [  0.14926]
 [ 41.34543]
 [484.20204]
 [  0.65944]
 [  0.58617]
 [  0.15101]
 [ 57.99172]
 [504.14372]
 [  0.15101]
 [ 57.99172]
 [504.14372]
 [  0.71087]
 [  0.63188]
 [  0.15325]
 [ 90.996  ]
 [526.36332]
 [  0.15325]
 [ 90.996  ]
 [526.36332]
 [  0.76982]
 [  0.68429]
 [  0.15601]
 [161.27088]
 [551.11501]
 [  0.15601]
 [161.27088]
 [551.11501]
 [  0.83785]
 [  0.74475]
 [  0.15927]
 [169.72147]
 [578.70001]
 [  0.15927]
 [169.72147]
 [578.70001]
 [  0.91695]
 [  0.81506]
 [  0.16308]
 [102.55844]
 [609.47623]
 [  0.16308]
 [102.55844]
 [609.47623]
 [  1.00975]
 [  0.89755]
 [  0.16744]
 [ 69.63207]
 [643.87046]
 [  0.16744]
 [ 69.63207]
 [643.87046]
 [  1.11976]
 [  0.99534]
 [  0.17239]
 [ 52.98595]
 [682.39416]
 [  0.17239]
 [ 52.98595]
 [682.39416]
 [  1.25178]
 [  1.11269]
 [  0.17797]
 [ 43.27034]
 [725.66391]
 [  0.17797]
 [ 43.27034]
 [725.66391]
 [  1.41253]
 [  1.25558]]
After: H_{1} =  [[ 0.09223  0.99574]
 [ 0.0751   0.99718]
 [ 0.06339  0.99799]
 [ 0.05483  0.9985 ]
 [ 0.04827  0.99883]
 [ 0.04306  0.99907]
 [ 0.03879  0.99925]
 [ 0.03522  0.99938]
 [ 0.03217  0.99948]
 [ 0.02953  0.99956]
 [ 0.0272   0.99963]
 [ 0.02512  0.99968]
 [ 0.02324  0.99973]
 [ 0.02153  0.99977]
 [ 0.01996  0.9998 ]
 [ 0.0185   0.99983]
 [ 0.01713  0.99985]
 [ 0.01584  0.99987]
 [ 0.01462  0.99989]
 [ 0.01345  0.99991]
 [ 0.01233  0.99992]
 [ 0.01125  0.99994]
 [ 0.01019  0.99995]
 [-0.09223 -0.99574]
 [-0.0751  -0.99718]
 [-0.06339 -0.99799]
 [-0.05483 -0.9985 ]
 [-0.04827 -0.99883]
 [-0.04306 -0.99907]
 [-0.03879 -0.99925]
 [-0.03522 -0.99938]
 [-0.03217 -0.99948]
 [-0.02953 -0.99956]
 [-0.0272  -0.99963]
 [-0.02512 -0.99968]
 [-0.02324 -0.99973]
 [-0.02153 -0.99977]
 [-0.01996 -0.9998 ]
 [-0.0185  -0.99983]
 [-0.01713 -0.99985]
 [-0.01584 -0.99987]
 [-0.01462 -0.99989]
 [-0.01345 -0.99991]
 [-0.01233 -0.99992]
 [-0.01125 -0.99994]
 [-0.01019 -0.99995]
 [-0.33331 -0.94282]
 [ 0.33331  0.94282]
 [ 1.       0.     ]
 [-1.       0.     ]]
After: b_{1} =  [ 1.26167  1.06911  0.94044  0.84916  0.78176  0.73058  0.69099  0.66001
  0.63564  0.6165   0.6016   0.59024  0.58189  0.57615  0.57275  0.57146
  0.57212  0.57463  0.57891  0.58493  0.59267  0.60216  0.61343  1.27485
  1.08144  0.95214  0.86038  0.79261  0.74114  0.70131  0.67012  0.64558
  0.62628  0.61125  0.59977  0.59131  0.58548  0.58198  0.58061  0.58119
  0.58363  0.58784  0.59379  0.60147  0.6109   0.6221   4.01566  4.00251
 11.5     11.5    ]